1
2
26
27
38
40
41
59
65
66
77
81
91
93
104
121
131
137
144
161
163
201
203
216
239
241
250
268
279
281
290
294
296
308
321
333
335
361
401
402
405
440
441
467
471
481
483
490
502
511
521
527
530
542
549
557
559
561
568
592
601
602
609
619
632
640
641
648
649
681
682
701
720
721
740
743
745
755
761
768
786
788
789
801
803
832
834
841
866
867
872
879
881
913
914
921
922
929
933
953
960
961
966
969
973
976
977
978
1001
1002
1015
1016
1018
1034
1040
1041
1081
1082
1084
1120
1121
1123
1129
1156
1161
1162
1164
1167
1168
1170
1198
1199
1200
1201
1206
1233
1241
1245
1248
1273
1278
1281
1285
1294
1300
1303
1321
1334
1340
1361
1389
1395
1396
1397
1401
1402
1404
1429
1433
1434
1437
1440
1441
1443
1444
1445
1455
1461
1462
1481
1512
1514
1518
1519
1521
